state: [2,[8,0,1,0]]

stats: [[1,0,1,0],[7,0,0,0],[-3,10,14,10],[35.240814925,0,25.96089983,0]]

pose: [7.13205432033, 10.5253486524, 0, 0, 0, 0.315150221271, 0.94904179994]