state: [0,[0,0,0,0]]

stats: [[0,0,0,0],[0,0,0,0],[0,0,0,0]]

pose: [11.844532775, 5.68836989903, 0, 0, 0, -0.95034195683, 0.31120759163]