state: [3,[0,0,0,1]]

stats: [[0,0,0,1],[0,0,0,0],[0,0,0,5.120069027]]

pose: [11.844532775, 5.68836989903, 0, 0, 0, 0.973881896599, 0.227055172758]