state: [1,[8,1,0,0]]

stats: [[8,1,0,0],[0,1,0,0],[98.462764025,38.80121994,0,0]]

pose: [5.64967856723, 18.9799411493, 0, 0, 0, -0.760383454837, 0.649474404123]