state: [3,[0,0,0,1]]

stats: [[0,0,0,1],[0,0,0,0],[0,10.640336037,0,4.872522116]]

pose: [11.4149386034, 6.25714615886, 0, 0, 0, 0.0527427755191, 0.998608131166]