state: [3,[0,0,4,5]]

stats: [[0,0,4,5],[0,0,3,4],[0,0,0,47.650962114]]

pose: [11.844532775, 5.68836989903, 0, 0, 0, -0.95034195683, 0.31120759163]