state: [0,[0,0,0,0]]

stats: [[0,0,0,0],[0,0,0,0],[0,0,0,0]]

pose: [3.30995346437, 21.4882351843, 0, 0, 0, -0.0745858650163, 0.99721459513]