state: [0,[1,0,0,0]]

stats: [[1,0,0,0],[1,0,0,0],[64.418444157,0,0,0]]

pose: [10.4758667738, 34.9752528641, 0, 0, 0, 0.994354572594, 0.106108359528]