state: [2,[0,0,3,1]]

stats: [[0,0,3,1],[0,0,0,1],[0,0,4.832395077,5.99229002]]

pose: [10.4179109403, 4.9571560998, 0, 0, 0, 0.33038906878, 0.94384483006]