state: [0,[0,0,0,0]]

stats: [[0,0,0,0],[0,0,0,0],[0,0,0,0]]

pose: [7.13205432033, 10.5253486524, 0, 0, 0, 0.315150221271, 0.94904179994]