state: [2,[0,0,1,0]]

stats: [[0,0,1,0],[0,0,0,0],[0,0,89.060520887,0]]

pose: [10.4758667738, 34.9752528641, 0, 0, 0, 0.994354572594, 0.106108359528]