state: [2,[0,0,0,0]]

stats: [[0,0,0,0],[0,0,0,0],[0,0,0,0]]

pose: [7.69202230153, 43.2809560318, 0, 0, 0, -0.0963976317036, 0.99534290403]