state: [3,[0,0,0,1]]

stats: [[0,0,0,1],[0,0,0,0],[0,0,0,1.464617968]]

pose: [11.844532775, 5.68836989903, 0, 0, 0, -0.95034195683, 0.31120759163]