state: [3,[0,0,10,4]]

stats: [[0,0,10,4],[0,0,1,0],[0,0,37.43210411,14.730302095]]

pose: [11.844532775, 5.68836989903, 0, 0, 0, 0.973881896599, 0.227055172758]