state: [2,[0,0,0,0]]

stats: [[0,0,0,0],[0,0,0,0],[0,0,0,0]]

pose: [7.99444925904, 46.2085012715, 0, 0, 0, -0.0847684304529, 0.996400679044]