state: [0,[3,0,0,0]]

stats: [[3,0,0,0],[0,0,0,0],[87.0927784443,0,0,0]]

pose: [11.7975408942, 5.96052106997, 0, 0, 0, -0.999693209985, 0.0247686477145]