state: [3,[0,0,0,0]]

stats: [[0,0,0,0],[0,0,0,0],[0,0,0,3.704060078]]

pose: [11.4149386034, 6.25714615886, 0, 0, 0, 0.0527427755191, 0.998608131166]