state: [3,[0,0,0,0]]

stats: [[0,0,0,0],[0,0,0,1],[0,0,0,5.616379976]]

pose: [10.4179109403, 4.9571560998, 0, 0, 0, 0.33038906878, 0.94384483006]