state: [0,[1,0,0,0]]

stats: [[1,0,0,0],[1,0,0,0],[31.8973033428,0,0,0]]

pose: [11.7975408942, 5.96052106997, 0, 0, 0, -0.999693209985, 0.0247686477145]