state: [0,[0,9,0,1]]

stats: [[0,9,0,1],[0,2,0,1],[11.421628952,46.614997148,0,0]]

pose: [11.844532775, 5.68836989903, 0, 0, 0, -0.95034195683, 0.31120759163]