state: [1,[0,2,0,0]]

stats: [[0,2,0,0],[0,11,0,0],[10,7,10,10],[0,57.865546942,0,0]]

pose: [10.4758667738, 34.9752528641, 0, 0, 0, 0.994354572594, 0.106108359528]