state: [1,[0,0,0,0]]

stats: [[0,0,0,0],[0,0,0,0],[3.49451971054,5.2817337513,1.03247308731,8.74906301498]]

pose: [11.7975408942, 5.96052106997, 0, 0, 0, -0.999693209985, 0.0247686477145]