state: [0,[0,0,0,1]]

stats: [[0,0,0,0],[0,0,0,1],[0,0,0,6.40202713]]

pose: [11.7975408942, 5.96052106997, 0, 0, 0, -0.999693209985, 0.0247686477145]