state: [0,[1,0,0,1]]

stats: [[1,0,0,1],[0,0,0,1],[30.6708590984,64.2129716873,0,81.0121629238]]

pose: [11.7975408942, 5.96052106997, 0, 0, 0, -0.999693209985, 0.0247686477145]