state: [0,[0,0,0,0]]

stats: [[0,0,0,0],[0,0,0,0],[0,0,0,0]]

pose: [11.7774129583, 14.1673720608, 0, 0, 0, -0.951217617272, 0.30852073608]