state: [3,[0,0,0,11]]

stats: [[0,0,0,11],[0,0,0,1],[0,132.763028145,0,119.154659986]]

pose: [11.844532775, 5.68836989903, 0, 0, 0, 0.973881896599, 0.227055172758]