state: [3,[0,0,0,0]]

stats: [[0,0,0,0],[0,0,0,0],[67.932564974,49.836733818,36.034574986,13.44204998]]

pose: [4.98766658505, 24.520899454, 0, 0, 0, -0.0797889896815, 0.996811776177]